-1 -1 -1 -1 -1 -1 -1 -1 -1 -1 -1 -1 -1 -1
-1 01 02 03 04 05 06 07 08 09 10 11 12 -1
-1 13 -1 -1 -1 -1 -1 -1 14 -1 -1 -1 15 -1
-1 16 -1 17 18 19 20 21 22 23 24 -1 25 -1
-1 26 -1 27 -1 -1 -1 -1 -1 -1 00 -1 28 -1
-1 29 -1 30 31 32 33 34 35 36 37 -1 38 -1
-1 39 -1 40 41 -1 42 43 -1 44 45 -1 46 -1
-1 47 -1 48 49 50 51 52 53 54 55 -1 56 -1
-1 57 58 59 60 61 62 63 64 65 66 67 68 -1
-1 69 -1 70 71 -1 72 73 -1 74 75 -1 76 -1
-1 77 -1 78 79 80 81 82 83 84 85 -1 86 -1
-1 87 -1 88 -1 -1 -1 -1 -1 -1 00 -1 89 -1
-1 90 -1 91 92 93 94 95 96 97 98 -1 100 -1
-1 101 -1 -1 -1 -1 -1 102 -1 -1 -1 -1 103 -1
-1 104 105 106 107 108 109 110 111 112 113 114 115 -1
-1 -1 -1 -1 -1 -1 -1 -1 -1 -1 -1 -1 -1 -1



